{
 "cells": [
  {
   "cell_type": "code",
   "execution_count": 48,
   "id": "535ff348",
   "metadata": {},
   "outputs": [],
   "source": [
    "from bs4 import BeautifulSoup as BS\n",
    "from bs4 import BeautifulSoup\n",
    "import requests\n",
    "import time, os\n",
    "import numpy as np \n",
    "import pandas as pd\n",
    "import seaborn as sns\n",
    "import matplotlib as plt"
   ]
  },
  {
   "cell_type": "code",
   "execution_count": 34,
   "id": "d5b7956a",
   "metadata": {},
   "outputs": [],
   "source": [
    "df = pd.read_csv('Plyers_Final_test2.csv')"
   ]
  },
  {
   "cell_type": "code",
   "execution_count": 35,
   "id": "574b060c",
   "metadata": {},
   "outputs": [
    {
     "data": {
      "text/html": [
       "<div>\n",
       "<style scoped>\n",
       "    .dataframe tbody tr th:only-of-type {\n",
       "        vertical-align: middle;\n",
       "    }\n",
       "\n",
       "    .dataframe tbody tr th {\n",
       "        vertical-align: top;\n",
       "    }\n",
       "\n",
       "    .dataframe thead th {\n",
       "        text-align: right;\n",
       "    }\n",
       "</style>\n",
       "<table border=\"1\" class=\"dataframe\">\n",
       "  <thead>\n",
       "    <tr style=\"text-align: right;\">\n",
       "      <th></th>\n",
       "      <th>Unnamed: 0</th>\n",
       "      <th>Over All</th>\n",
       "      <th>ball skills</th>\n",
       "      <th>physical</th>\n",
       "      <th>defence</th>\n",
       "      <th>GK</th>\n",
       "      <th>mental</th>\n",
       "      <th>shooting</th>\n",
       "      <th>passing</th>\n",
       "      <th>hight</th>\n",
       "      <th>wight</th>\n",
       "      <th>age</th>\n",
       "      <th>value</th>\n",
       "    </tr>\n",
       "  </thead>\n",
       "  <tbody>\n",
       "    <tr>\n",
       "      <th>0</th>\n",
       "      <td>Lionel Messi</td>\n",
       "      <td>93</td>\n",
       "      <td>96.0</td>\n",
       "      <td>80.857143</td>\n",
       "      <td>27.5</td>\n",
       "      <td>10.8</td>\n",
       "      <td>77.000000</td>\n",
       "      <td>86.875</td>\n",
       "      <td>89.000000</td>\n",
       "      <td>170</td>\n",
       "      <td>72</td>\n",
       "      <td>34</td>\n",
       "      <td>78000000.0</td>\n",
       "    </tr>\n",
       "    <tr>\n",
       "      <th>1</th>\n",
       "      <td>Robert Lewandowski</td>\n",
       "      <td>92</td>\n",
       "      <td>86.5</td>\n",
       "      <td>80.285714</td>\n",
       "      <td>38.5</td>\n",
       "      <td>10.2</td>\n",
       "      <td>81.166667</td>\n",
       "      <td>88.125</td>\n",
       "      <td>75.333333</td>\n",
       "      <td>185</td>\n",
       "      <td>81</td>\n",
       "      <td>33</td>\n",
       "      <td>119500000.0</td>\n",
       "    </tr>\n",
       "    <tr>\n",
       "      <th>2</th>\n",
       "      <td>Kylian Mbappé</td>\n",
       "      <td>91</td>\n",
       "      <td>92.0</td>\n",
       "      <td>87.428571</td>\n",
       "      <td>30.0</td>\n",
       "      <td>8.4</td>\n",
       "      <td>75.833333</td>\n",
       "      <td>80.500</td>\n",
       "      <td>78.000000</td>\n",
       "      <td>182</td>\n",
       "      <td>73</td>\n",
       "      <td>22</td>\n",
       "      <td>194000000.0</td>\n",
       "    </tr>\n",
       "    <tr>\n",
       "      <th>3</th>\n",
       "      <td>Jan Oblak</td>\n",
       "      <td>91</td>\n",
       "      <td>21.0</td>\n",
       "      <td>59.428571</td>\n",
       "      <td>19.5</td>\n",
       "      <td>87.4</td>\n",
       "      <td>47.500000</td>\n",
       "      <td>18.500</td>\n",
       "      <td>32.000000</td>\n",
       "      <td>188</td>\n",
       "      <td>87</td>\n",
       "      <td>28</td>\n",
       "      <td>112000000.0</td>\n",
       "    </tr>\n",
       "    <tr>\n",
       "      <th>4</th>\n",
       "      <td>Kevin De Bruyne</td>\n",
       "      <td>91</td>\n",
       "      <td>89.5</td>\n",
       "      <td>76.428571</td>\n",
       "      <td>66.5</td>\n",
       "      <td>11.2</td>\n",
       "      <td>84.000000</td>\n",
       "      <td>81.500</td>\n",
       "      <td>93.666667</td>\n",
       "      <td>181</td>\n",
       "      <td>70</td>\n",
       "      <td>30</td>\n",
       "      <td>125500000.0</td>\n",
       "    </tr>\n",
       "    <tr>\n",
       "      <th>...</th>\n",
       "      <td>...</td>\n",
       "      <td>...</td>\n",
       "      <td>...</td>\n",
       "      <td>...</td>\n",
       "      <td>...</td>\n",
       "      <td>...</td>\n",
       "      <td>...</td>\n",
       "      <td>...</td>\n",
       "      <td>...</td>\n",
       "      <td>...</td>\n",
       "      <td>...</td>\n",
       "      <td>...</td>\n",
       "      <td>...</td>\n",
       "    </tr>\n",
       "    <tr>\n",
       "      <th>1195</th>\n",
       "      <td>André-Franck González Rey</td>\n",
       "      <td>76</td>\n",
       "      <td>81.0</td>\n",
       "      <td>78.285714</td>\n",
       "      <td>74.5</td>\n",
       "      <td>10.0</td>\n",
       "      <td>77.000000</td>\n",
       "      <td>61.125</td>\n",
       "      <td>69.666667</td>\n",
       "      <td>184</td>\n",
       "      <td>78</td>\n",
       "      <td>25</td>\n",
       "      <td>10500000.0</td>\n",
       "    </tr>\n",
       "    <tr>\n",
       "      <th>1196</th>\n",
       "      <td>Lucas Tousart</td>\n",
       "      <td>76</td>\n",
       "      <td>65.5</td>\n",
       "      <td>69.714286</td>\n",
       "      <td>77.5</td>\n",
       "      <td>13.4</td>\n",
       "      <td>69.166667</td>\n",
       "      <td>53.875</td>\n",
       "      <td>68.666667</td>\n",
       "      <td>185</td>\n",
       "      <td>83</td>\n",
       "      <td>24</td>\n",
       "      <td>10500000.0</td>\n",
       "    </tr>\n",
       "    <tr>\n",
       "      <th>1197</th>\n",
       "      <td>Frédéric Guilbert</td>\n",
       "      <td>76</td>\n",
       "      <td>68.5</td>\n",
       "      <td>74.714286</td>\n",
       "      <td>74.0</td>\n",
       "      <td>11.6</td>\n",
       "      <td>70.166667</td>\n",
       "      <td>50.625</td>\n",
       "      <td>70.333333</td>\n",
       "      <td>178</td>\n",
       "      <td>78</td>\n",
       "      <td>26</td>\n",
       "      <td>9000000.0</td>\n",
       "    </tr>\n",
       "    <tr>\n",
       "      <th>1198</th>\n",
       "      <td>Jeremiah St. Juste</td>\n",
       "      <td>76</td>\n",
       "      <td>74.0</td>\n",
       "      <td>79.285714</td>\n",
       "      <td>78.5</td>\n",
       "      <td>11.8</td>\n",
       "      <td>69.833333</td>\n",
       "      <td>53.375</td>\n",
       "      <td>70.000000</td>\n",
       "      <td>184</td>\n",
       "      <td>74</td>\n",
       "      <td>24</td>\n",
       "      <td>9500000.0</td>\n",
       "    </tr>\n",
       "    <tr>\n",
       "      <th>1199</th>\n",
       "      <td>Gonzalo Martínez</td>\n",
       "      <td>76</td>\n",
       "      <td>81.5</td>\n",
       "      <td>77.142857</td>\n",
       "      <td>37.5</td>\n",
       "      <td>11.0</td>\n",
       "      <td>63.000000</td>\n",
       "      <td>69.625</td>\n",
       "      <td>72.000000</td>\n",
       "      <td>172</td>\n",
       "      <td>75</td>\n",
       "      <td>28</td>\n",
       "      <td>7500000.0</td>\n",
       "    </tr>\n",
       "  </tbody>\n",
       "</table>\n",
       "<p>1200 rows × 13 columns</p>\n",
       "</div>"
      ],
      "text/plain": [
       "                     Unnamed: 0  Over All  ball skills   physical  defence  \\\n",
       "0                  Lionel Messi        93         96.0  80.857143     27.5   \n",
       "1            Robert Lewandowski        92         86.5  80.285714     38.5   \n",
       "2                 Kylian Mbappé        91         92.0  87.428571     30.0   \n",
       "3                     Jan Oblak        91         21.0  59.428571     19.5   \n",
       "4               Kevin De Bruyne        91         89.5  76.428571     66.5   \n",
       "...                         ...       ...          ...        ...      ...   \n",
       "1195  André-Franck González Rey        76         81.0  78.285714     74.5   \n",
       "1196              Lucas Tousart        76         65.5  69.714286     77.5   \n",
       "1197          Frédéric Guilbert        76         68.5  74.714286     74.0   \n",
       "1198         Jeremiah St. Juste        76         74.0  79.285714     78.5   \n",
       "1199           Gonzalo Martínez        76         81.5  77.142857     37.5   \n",
       "\n",
       "        GK     mental  shooting    passing  hight  wight  age        value  \n",
       "0     10.8  77.000000    86.875  89.000000    170     72   34   78000000.0  \n",
       "1     10.2  81.166667    88.125  75.333333    185     81   33  119500000.0  \n",
       "2      8.4  75.833333    80.500  78.000000    182     73   22  194000000.0  \n",
       "3     87.4  47.500000    18.500  32.000000    188     87   28  112000000.0  \n",
       "4     11.2  84.000000    81.500  93.666667    181     70   30  125500000.0  \n",
       "...    ...        ...       ...        ...    ...    ...  ...          ...  \n",
       "1195  10.0  77.000000    61.125  69.666667    184     78   25   10500000.0  \n",
       "1196  13.4  69.166667    53.875  68.666667    185     83   24   10500000.0  \n",
       "1197  11.6  70.166667    50.625  70.333333    178     78   26    9000000.0  \n",
       "1198  11.8  69.833333    53.375  70.000000    184     74   24    9500000.0  \n",
       "1199  11.0  63.000000    69.625  72.000000    172     75   28    7500000.0  \n",
       "\n",
       "[1200 rows x 13 columns]"
      ]
     },
     "execution_count": 35,
     "metadata": {},
     "output_type": "execute_result"
    }
   ],
   "source": [
    "df"
   ]
  },
  {
   "cell_type": "code",
   "execution_count": 36,
   "id": "af107c1d",
   "metadata": {},
   "outputs": [
    {
     "name": "stdout",
     "output_type": "stream",
     "text": [
      "<class 'pandas.core.frame.DataFrame'>\n",
      "RangeIndex: 1200 entries, 0 to 1199\n",
      "Data columns (total 13 columns):\n",
      " #   Column       Non-Null Count  Dtype  \n",
      "---  ------       --------------  -----  \n",
      " 0   Unnamed: 0   1200 non-null   object \n",
      " 1   Over All     1200 non-null   int64  \n",
      " 2   ball skills  1200 non-null   float64\n",
      " 3   physical     1200 non-null   float64\n",
      " 4   defence      1200 non-null   float64\n",
      " 5   GK           1200 non-null   float64\n",
      " 6   mental       1200 non-null   float64\n",
      " 7   shooting     1200 non-null   float64\n",
      " 8   passing      1200 non-null   float64\n",
      " 9   hight        1200 non-null   int64  \n",
      " 10  wight        1200 non-null   int64  \n",
      " 11  age          1200 non-null   int64  \n",
      " 12  value        1196 non-null   float64\n",
      "dtypes: float64(8), int64(4), object(1)\n",
      "memory usage: 122.0+ KB\n"
     ]
    }
   ],
   "source": [
    "df.info()"
   ]
  },
  {
   "cell_type": "code",
   "execution_count": 37,
   "id": "7e6141d2",
   "metadata": {},
   "outputs": [],
   "source": [
    "v= df[\"value\"].mean()\n",
    "\n",
    "df = df.fillna(value=v)"
   ]
  },
  {
   "cell_type": "code",
   "execution_count": 38,
   "id": "f492a547",
   "metadata": {},
   "outputs": [
    {
     "name": "stdout",
     "output_type": "stream",
     "text": [
      "<class 'pandas.core.frame.DataFrame'>\n",
      "RangeIndex: 1200 entries, 0 to 1199\n",
      "Data columns (total 13 columns):\n",
      " #   Column       Non-Null Count  Dtype  \n",
      "---  ------       --------------  -----  \n",
      " 0   Unnamed: 0   1200 non-null   object \n",
      " 1   Over All     1200 non-null   int64  \n",
      " 2   ball skills  1200 non-null   float64\n",
      " 3   physical     1200 non-null   float64\n",
      " 4   defence      1200 non-null   float64\n",
      " 5   GK           1200 non-null   float64\n",
      " 6   mental       1200 non-null   float64\n",
      " 7   shooting     1200 non-null   float64\n",
      " 8   passing      1200 non-null   float64\n",
      " 9   hight        1200 non-null   int64  \n",
      " 10  wight        1200 non-null   int64  \n",
      " 11  age          1200 non-null   int64  \n",
      " 12  value        1200 non-null   float64\n",
      "dtypes: float64(8), int64(4), object(1)\n",
      "memory usage: 122.0+ KB\n"
     ]
    }
   ],
   "source": [
    "df.info()"
   ]
  },
  {
   "cell_type": "code",
   "execution_count": 39,
   "id": "5f224c86",
   "metadata": {},
   "outputs": [
    {
     "data": {
      "text/html": [
       "<div>\n",
       "<style scoped>\n",
       "    .dataframe tbody tr th:only-of-type {\n",
       "        vertical-align: middle;\n",
       "    }\n",
       "\n",
       "    .dataframe tbody tr th {\n",
       "        vertical-align: top;\n",
       "    }\n",
       "\n",
       "    .dataframe thead th {\n",
       "        text-align: right;\n",
       "    }\n",
       "</style>\n",
       "<table border=\"1\" class=\"dataframe\">\n",
       "  <thead>\n",
       "    <tr style=\"text-align: right;\">\n",
       "      <th></th>\n",
       "      <th>Over All</th>\n",
       "      <th>ball skills</th>\n",
       "      <th>physical</th>\n",
       "      <th>defence</th>\n",
       "      <th>GK</th>\n",
       "      <th>mental</th>\n",
       "      <th>shooting</th>\n",
       "      <th>passing</th>\n",
       "      <th>hight</th>\n",
       "      <th>wight</th>\n",
       "      <th>age</th>\n",
       "      <th>value</th>\n",
       "    </tr>\n",
       "  </thead>\n",
       "  <tbody>\n",
       "    <tr>\n",
       "      <th>Over All</th>\n",
       "      <td>1.000000</td>\n",
       "      <td>0.047122</td>\n",
       "      <td>0.090621</td>\n",
       "      <td>-0.001956</td>\n",
       "      <td>0.100005</td>\n",
       "      <td>0.174585</td>\n",
       "      <td>0.110671</td>\n",
       "      <td>0.092726</td>\n",
       "      <td>0.047099</td>\n",
       "      <td>0.097690</td>\n",
       "      <td>0.192516</td>\n",
       "      <td>0.781947</td>\n",
       "    </tr>\n",
       "    <tr>\n",
       "      <th>ball skills</th>\n",
       "      <td>0.047122</td>\n",
       "      <td>1.000000</td>\n",
       "      <td>0.785657</td>\n",
       "      <td>0.410263</td>\n",
       "      <td>-0.916725</td>\n",
       "      <td>0.861984</td>\n",
       "      <td>0.903549</td>\n",
       "      <td>0.927753</td>\n",
       "      <td>-0.515735</td>\n",
       "      <td>-0.461652</td>\n",
       "      <td>-0.187577</td>\n",
       "      <td>0.219780</td>\n",
       "    </tr>\n",
       "    <tr>\n",
       "      <th>physical</th>\n",
       "      <td>0.090621</td>\n",
       "      <td>0.785657</td>\n",
       "      <td>1.000000</td>\n",
       "      <td>0.333341</td>\n",
       "      <td>-0.736907</td>\n",
       "      <td>0.689561</td>\n",
       "      <td>0.696242</td>\n",
       "      <td>0.713099</td>\n",
       "      <td>-0.544122</td>\n",
       "      <td>-0.432778</td>\n",
       "      <td>-0.270609</td>\n",
       "      <td>0.268327</td>\n",
       "    </tr>\n",
       "    <tr>\n",
       "      <th>defence</th>\n",
       "      <td>-0.001956</td>\n",
       "      <td>0.410263</td>\n",
       "      <td>0.333341</td>\n",
       "      <td>1.000000</td>\n",
       "      <td>-0.598662</td>\n",
       "      <td>0.699501</td>\n",
       "      <td>0.207826</td>\n",
       "      <td>0.559364</td>\n",
       "      <td>-0.092640</td>\n",
       "      <td>-0.080912</td>\n",
       "      <td>-0.068835</td>\n",
       "      <td>0.028055</td>\n",
       "    </tr>\n",
       "    <tr>\n",
       "      <th>GK</th>\n",
       "      <td>0.100005</td>\n",
       "      <td>-0.916725</td>\n",
       "      <td>-0.736907</td>\n",
       "      <td>-0.598662</td>\n",
       "      <td>1.000000</td>\n",
       "      <td>-0.857679</td>\n",
       "      <td>-0.789795</td>\n",
       "      <td>-0.873388</td>\n",
       "      <td>0.387509</td>\n",
       "      <td>0.339440</td>\n",
       "      <td>0.186125</td>\n",
       "      <td>-0.081615</td>\n",
       "    </tr>\n",
       "    <tr>\n",
       "      <th>mental</th>\n",
       "      <td>0.174585</td>\n",
       "      <td>0.861984</td>\n",
       "      <td>0.689561</td>\n",
       "      <td>0.699501</td>\n",
       "      <td>-0.857679</td>\n",
       "      <td>1.000000</td>\n",
       "      <td>0.777393</td>\n",
       "      <td>0.898473</td>\n",
       "      <td>-0.375325</td>\n",
       "      <td>-0.315735</td>\n",
       "      <td>-0.043128</td>\n",
       "      <td>0.239370</td>\n",
       "    </tr>\n",
       "    <tr>\n",
       "      <th>shooting</th>\n",
       "      <td>0.110671</td>\n",
       "      <td>0.903549</td>\n",
       "      <td>0.696242</td>\n",
       "      <td>0.207826</td>\n",
       "      <td>-0.789795</td>\n",
       "      <td>0.777393</td>\n",
       "      <td>1.000000</td>\n",
       "      <td>0.836090</td>\n",
       "      <td>-0.450565</td>\n",
       "      <td>-0.377704</td>\n",
       "      <td>-0.027036</td>\n",
       "      <td>0.205501</td>\n",
       "    </tr>\n",
       "    <tr>\n",
       "      <th>passing</th>\n",
       "      <td>0.092726</td>\n",
       "      <td>0.927753</td>\n",
       "      <td>0.713099</td>\n",
       "      <td>0.559364</td>\n",
       "      <td>-0.873388</td>\n",
       "      <td>0.898473</td>\n",
       "      <td>0.836090</td>\n",
       "      <td>1.000000</td>\n",
       "      <td>-0.507589</td>\n",
       "      <td>-0.451898</td>\n",
       "      <td>-0.111539</td>\n",
       "      <td>0.207681</td>\n",
       "    </tr>\n",
       "    <tr>\n",
       "      <th>hight</th>\n",
       "      <td>0.047099</td>\n",
       "      <td>-0.515735</td>\n",
       "      <td>-0.544122</td>\n",
       "      <td>-0.092640</td>\n",
       "      <td>0.387509</td>\n",
       "      <td>-0.375325</td>\n",
       "      <td>-0.450565</td>\n",
       "      <td>-0.507589</td>\n",
       "      <td>1.000000</td>\n",
       "      <td>0.795561</td>\n",
       "      <td>0.074626</td>\n",
       "      <td>-0.020405</td>\n",
       "    </tr>\n",
       "    <tr>\n",
       "      <th>wight</th>\n",
       "      <td>0.097690</td>\n",
       "      <td>-0.461652</td>\n",
       "      <td>-0.432778</td>\n",
       "      <td>-0.080912</td>\n",
       "      <td>0.339440</td>\n",
       "      <td>-0.315735</td>\n",
       "      <td>-0.377704</td>\n",
       "      <td>-0.451898</td>\n",
       "      <td>0.795561</td>\n",
       "      <td>1.000000</td>\n",
       "      <td>0.167434</td>\n",
       "      <td>-0.015801</td>\n",
       "    </tr>\n",
       "    <tr>\n",
       "      <th>age</th>\n",
       "      <td>0.192516</td>\n",
       "      <td>-0.187577</td>\n",
       "      <td>-0.270609</td>\n",
       "      <td>-0.068835</td>\n",
       "      <td>0.186125</td>\n",
       "      <td>-0.043128</td>\n",
       "      <td>-0.027036</td>\n",
       "      <td>-0.111539</td>\n",
       "      <td>0.074626</td>\n",
       "      <td>0.167434</td>\n",
       "      <td>1.000000</td>\n",
       "      <td>-0.285978</td>\n",
       "    </tr>\n",
       "    <tr>\n",
       "      <th>value</th>\n",
       "      <td>0.781947</td>\n",
       "      <td>0.219780</td>\n",
       "      <td>0.268327</td>\n",
       "      <td>0.028055</td>\n",
       "      <td>-0.081615</td>\n",
       "      <td>0.239370</td>\n",
       "      <td>0.205501</td>\n",
       "      <td>0.207681</td>\n",
       "      <td>-0.020405</td>\n",
       "      <td>-0.015801</td>\n",
       "      <td>-0.285978</td>\n",
       "      <td>1.000000</td>\n",
       "    </tr>\n",
       "  </tbody>\n",
       "</table>\n",
       "</div>"
      ],
      "text/plain": [
       "             Over All  ball skills  physical   defence        GK    mental  \\\n",
       "Over All     1.000000     0.047122  0.090621 -0.001956  0.100005  0.174585   \n",
       "ball skills  0.047122     1.000000  0.785657  0.410263 -0.916725  0.861984   \n",
       "physical     0.090621     0.785657  1.000000  0.333341 -0.736907  0.689561   \n",
       "defence     -0.001956     0.410263  0.333341  1.000000 -0.598662  0.699501   \n",
       "GK           0.100005    -0.916725 -0.736907 -0.598662  1.000000 -0.857679   \n",
       "mental       0.174585     0.861984  0.689561  0.699501 -0.857679  1.000000   \n",
       "shooting     0.110671     0.903549  0.696242  0.207826 -0.789795  0.777393   \n",
       "passing      0.092726     0.927753  0.713099  0.559364 -0.873388  0.898473   \n",
       "hight        0.047099    -0.515735 -0.544122 -0.092640  0.387509 -0.375325   \n",
       "wight        0.097690    -0.461652 -0.432778 -0.080912  0.339440 -0.315735   \n",
       "age          0.192516    -0.187577 -0.270609 -0.068835  0.186125 -0.043128   \n",
       "value        0.781947     0.219780  0.268327  0.028055 -0.081615  0.239370   \n",
       "\n",
       "             shooting   passing     hight     wight       age     value  \n",
       "Over All     0.110671  0.092726  0.047099  0.097690  0.192516  0.781947  \n",
       "ball skills  0.903549  0.927753 -0.515735 -0.461652 -0.187577  0.219780  \n",
       "physical     0.696242  0.713099 -0.544122 -0.432778 -0.270609  0.268327  \n",
       "defence      0.207826  0.559364 -0.092640 -0.080912 -0.068835  0.028055  \n",
       "GK          -0.789795 -0.873388  0.387509  0.339440  0.186125 -0.081615  \n",
       "mental       0.777393  0.898473 -0.375325 -0.315735 -0.043128  0.239370  \n",
       "shooting     1.000000  0.836090 -0.450565 -0.377704 -0.027036  0.205501  \n",
       "passing      0.836090  1.000000 -0.507589 -0.451898 -0.111539  0.207681  \n",
       "hight       -0.450565 -0.507589  1.000000  0.795561  0.074626 -0.020405  \n",
       "wight       -0.377704 -0.451898  0.795561  1.000000  0.167434 -0.015801  \n",
       "age         -0.027036 -0.111539  0.074626  0.167434  1.000000 -0.285978  \n",
       "value        0.205501  0.207681 -0.020405 -0.015801 -0.285978  1.000000  "
      ]
     },
     "execution_count": 39,
     "metadata": {},
     "output_type": "execute_result"
    }
   ],
   "source": [
    "df.corr()"
   ]
  },
  {
   "cell_type": "code",
   "execution_count": 43,
   "id": "7cdb3f24",
   "metadata": {},
   "outputs": [],
   "source": [
    "mask_df = df[ (df['ball skills'] > 65)]  "
   ]
  },
  {
   "cell_type": "code",
   "execution_count": 44,
   "id": "4405fc57",
   "metadata": {},
   "outputs": [
    {
     "data": {
      "text/html": [
       "<div>\n",
       "<style scoped>\n",
       "    .dataframe tbody tr th:only-of-type {\n",
       "        vertical-align: middle;\n",
       "    }\n",
       "\n",
       "    .dataframe tbody tr th {\n",
       "        vertical-align: top;\n",
       "    }\n",
       "\n",
       "    .dataframe thead th {\n",
       "        text-align: right;\n",
       "    }\n",
       "</style>\n",
       "<table border=\"1\" class=\"dataframe\">\n",
       "  <thead>\n",
       "    <tr style=\"text-align: right;\">\n",
       "      <th></th>\n",
       "      <th>Over All</th>\n",
       "      <th>ball skills</th>\n",
       "      <th>physical</th>\n",
       "      <th>defence</th>\n",
       "      <th>GK</th>\n",
       "      <th>mental</th>\n",
       "      <th>shooting</th>\n",
       "      <th>passing</th>\n",
       "      <th>hight</th>\n",
       "      <th>wight</th>\n",
       "      <th>age</th>\n",
       "      <th>value</th>\n",
       "    </tr>\n",
       "  </thead>\n",
       "  <tbody>\n",
       "    <tr>\n",
       "      <th>Over All</th>\n",
       "      <td>1.000000</td>\n",
       "      <td>0.413607</td>\n",
       "      <td>0.207221</td>\n",
       "      <td>0.081816</td>\n",
       "      <td>0.032243</td>\n",
       "      <td>0.505420</td>\n",
       "      <td>0.323939</td>\n",
       "      <td>0.378480</td>\n",
       "      <td>0.045126</td>\n",
       "      <td>0.093409</td>\n",
       "      <td>0.192151</td>\n",
       "      <td>0.816613</td>\n",
       "    </tr>\n",
       "    <tr>\n",
       "      <th>ball skills</th>\n",
       "      <td>0.413607</td>\n",
       "      <td>1.000000</td>\n",
       "      <td>0.271270</td>\n",
       "      <td>-0.407796</td>\n",
       "      <td>-0.013634</td>\n",
       "      <td>0.139462</td>\n",
       "      <td>0.612891</td>\n",
       "      <td>0.496529</td>\n",
       "      <td>-0.358590</td>\n",
       "      <td>-0.341798</td>\n",
       "      <td>-0.022521</td>\n",
       "      <td>0.402234</td>\n",
       "    </tr>\n",
       "    <tr>\n",
       "      <th>physical</th>\n",
       "      <td>0.207221</td>\n",
       "      <td>0.271270</td>\n",
       "      <td>1.000000</td>\n",
       "      <td>-0.151131</td>\n",
       "      <td>-0.026078</td>\n",
       "      <td>0.009345</td>\n",
       "      <td>0.118738</td>\n",
       "      <td>0.023149</td>\n",
       "      <td>-0.351486</td>\n",
       "      <td>-0.235539</td>\n",
       "      <td>-0.267404</td>\n",
       "      <td>0.301776</td>\n",
       "    </tr>\n",
       "    <tr>\n",
       "      <th>defence</th>\n",
       "      <td>0.081816</td>\n",
       "      <td>-0.407796</td>\n",
       "      <td>-0.151131</td>\n",
       "      <td>1.000000</td>\n",
       "      <td>-0.005157</td>\n",
       "      <td>0.625889</td>\n",
       "      <td>-0.516585</td>\n",
       "      <td>0.273007</td>\n",
       "      <td>0.112764</td>\n",
       "      <td>0.091598</td>\n",
       "      <td>0.036168</td>\n",
       "      <td>-0.004419</td>\n",
       "    </tr>\n",
       "    <tr>\n",
       "      <th>GK</th>\n",
       "      <td>0.032243</td>\n",
       "      <td>-0.013634</td>\n",
       "      <td>-0.026078</td>\n",
       "      <td>-0.005157</td>\n",
       "      <td>1.000000</td>\n",
       "      <td>0.052270</td>\n",
       "      <td>0.052061</td>\n",
       "      <td>0.042493</td>\n",
       "      <td>0.007159</td>\n",
       "      <td>-0.005826</td>\n",
       "      <td>0.093164</td>\n",
       "      <td>-0.015503</td>\n",
       "    </tr>\n",
       "    <tr>\n",
       "      <th>mental</th>\n",
       "      <td>0.505420</td>\n",
       "      <td>0.139462</td>\n",
       "      <td>0.009345</td>\n",
       "      <td>0.625889</td>\n",
       "      <td>0.052270</td>\n",
       "      <td>1.000000</td>\n",
       "      <td>0.136481</td>\n",
       "      <td>0.526557</td>\n",
       "      <td>0.028413</td>\n",
       "      <td>0.048769</td>\n",
       "      <td>0.259581</td>\n",
       "      <td>0.315246</td>\n",
       "    </tr>\n",
       "    <tr>\n",
       "      <th>shooting</th>\n",
       "      <td>0.323939</td>\n",
       "      <td>0.612891</td>\n",
       "      <td>0.118738</td>\n",
       "      <td>-0.516585</td>\n",
       "      <td>0.052061</td>\n",
       "      <td>0.136481</td>\n",
       "      <td>1.000000</td>\n",
       "      <td>0.294459</td>\n",
       "      <td>-0.094604</td>\n",
       "      <td>-0.044501</td>\n",
       "      <td>0.292002</td>\n",
       "      <td>0.201439</td>\n",
       "    </tr>\n",
       "    <tr>\n",
       "      <th>passing</th>\n",
       "      <td>0.378480</td>\n",
       "      <td>0.496529</td>\n",
       "      <td>0.023149</td>\n",
       "      <td>0.273007</td>\n",
       "      <td>0.042493</td>\n",
       "      <td>0.526557</td>\n",
       "      <td>0.294459</td>\n",
       "      <td>1.000000</td>\n",
       "      <td>-0.307676</td>\n",
       "      <td>-0.293049</td>\n",
       "      <td>0.159306</td>\n",
       "      <td>0.253945</td>\n",
       "    </tr>\n",
       "    <tr>\n",
       "      <th>hight</th>\n",
       "      <td>0.045126</td>\n",
       "      <td>-0.358590</td>\n",
       "      <td>-0.351486</td>\n",
       "      <td>0.112764</td>\n",
       "      <td>0.007159</td>\n",
       "      <td>0.028413</td>\n",
       "      <td>-0.094604</td>\n",
       "      <td>-0.307676</td>\n",
       "      <td>1.000000</td>\n",
       "      <td>0.767253</td>\n",
       "      <td>0.009927</td>\n",
       "      <td>0.048729</td>\n",
       "    </tr>\n",
       "    <tr>\n",
       "      <th>wight</th>\n",
       "      <td>0.093409</td>\n",
       "      <td>-0.341798</td>\n",
       "      <td>-0.235539</td>\n",
       "      <td>0.091598</td>\n",
       "      <td>-0.005826</td>\n",
       "      <td>0.048769</td>\n",
       "      <td>-0.044501</td>\n",
       "      <td>-0.293049</td>\n",
       "      <td>0.767253</td>\n",
       "      <td>1.000000</td>\n",
       "      <td>0.117752</td>\n",
       "      <td>0.039823</td>\n",
       "    </tr>\n",
       "    <tr>\n",
       "      <th>age</th>\n",
       "      <td>0.192151</td>\n",
       "      <td>-0.022521</td>\n",
       "      <td>-0.267404</td>\n",
       "      <td>0.036168</td>\n",
       "      <td>0.093164</td>\n",
       "      <td>0.259581</td>\n",
       "      <td>0.292002</td>\n",
       "      <td>0.159306</td>\n",
       "      <td>0.009927</td>\n",
       "      <td>0.117752</td>\n",
       "      <td>1.000000</td>\n",
       "      <td>-0.243640</td>\n",
       "    </tr>\n",
       "    <tr>\n",
       "      <th>value</th>\n",
       "      <td>0.816613</td>\n",
       "      <td>0.402234</td>\n",
       "      <td>0.301776</td>\n",
       "      <td>-0.004419</td>\n",
       "      <td>-0.015503</td>\n",
       "      <td>0.315246</td>\n",
       "      <td>0.201439</td>\n",
       "      <td>0.253945</td>\n",
       "      <td>0.048729</td>\n",
       "      <td>0.039823</td>\n",
       "      <td>-0.243640</td>\n",
       "      <td>1.000000</td>\n",
       "    </tr>\n",
       "  </tbody>\n",
       "</table>\n",
       "</div>"
      ],
      "text/plain": [
       "             Over All  ball skills  physical   defence        GK    mental  \\\n",
       "Over All     1.000000     0.413607  0.207221  0.081816  0.032243  0.505420   \n",
       "ball skills  0.413607     1.000000  0.271270 -0.407796 -0.013634  0.139462   \n",
       "physical     0.207221     0.271270  1.000000 -0.151131 -0.026078  0.009345   \n",
       "defence      0.081816    -0.407796 -0.151131  1.000000 -0.005157  0.625889   \n",
       "GK           0.032243    -0.013634 -0.026078 -0.005157  1.000000  0.052270   \n",
       "mental       0.505420     0.139462  0.009345  0.625889  0.052270  1.000000   \n",
       "shooting     0.323939     0.612891  0.118738 -0.516585  0.052061  0.136481   \n",
       "passing      0.378480     0.496529  0.023149  0.273007  0.042493  0.526557   \n",
       "hight        0.045126    -0.358590 -0.351486  0.112764  0.007159  0.028413   \n",
       "wight        0.093409    -0.341798 -0.235539  0.091598 -0.005826  0.048769   \n",
       "age          0.192151    -0.022521 -0.267404  0.036168  0.093164  0.259581   \n",
       "value        0.816613     0.402234  0.301776 -0.004419 -0.015503  0.315246   \n",
       "\n",
       "             shooting   passing     hight     wight       age     value  \n",
       "Over All     0.323939  0.378480  0.045126  0.093409  0.192151  0.816613  \n",
       "ball skills  0.612891  0.496529 -0.358590 -0.341798 -0.022521  0.402234  \n",
       "physical     0.118738  0.023149 -0.351486 -0.235539 -0.267404  0.301776  \n",
       "defence     -0.516585  0.273007  0.112764  0.091598  0.036168 -0.004419  \n",
       "GK           0.052061  0.042493  0.007159 -0.005826  0.093164 -0.015503  \n",
       "mental       0.136481  0.526557  0.028413  0.048769  0.259581  0.315246  \n",
       "shooting     1.000000  0.294459 -0.094604 -0.044501  0.292002  0.201439  \n",
       "passing      0.294459  1.000000 -0.307676 -0.293049  0.159306  0.253945  \n",
       "hight       -0.094604 -0.307676  1.000000  0.767253  0.009927  0.048729  \n",
       "wight       -0.044501 -0.293049  0.767253  1.000000  0.117752  0.039823  \n",
       "age          0.292002  0.159306  0.009927  0.117752  1.000000 -0.243640  \n",
       "value        0.201439  0.253945  0.048729  0.039823 -0.243640  1.000000  "
      ]
     },
     "execution_count": 44,
     "metadata": {},
     "output_type": "execute_result"
    }
   ],
   "source": [
    "mask_df.corr()"
   ]
  },
  {
   "cell_type": "code",
   "execution_count": 45,
   "id": "0fc5bf96",
   "metadata": {},
   "outputs": [
    {
     "data": {
      "text/html": [
       "<div>\n",
       "<style scoped>\n",
       "    .dataframe tbody tr th:only-of-type {\n",
       "        vertical-align: middle;\n",
       "    }\n",
       "\n",
       "    .dataframe tbody tr th {\n",
       "        vertical-align: top;\n",
       "    }\n",
       "\n",
       "    .dataframe thead th {\n",
       "        text-align: right;\n",
       "    }\n",
       "</style>\n",
       "<table border=\"1\" class=\"dataframe\">\n",
       "  <thead>\n",
       "    <tr style=\"text-align: right;\">\n",
       "      <th></th>\n",
       "      <th>Unnamed: 0</th>\n",
       "      <th>Over All</th>\n",
       "      <th>ball skills</th>\n",
       "      <th>physical</th>\n",
       "      <th>defence</th>\n",
       "      <th>GK</th>\n",
       "      <th>mental</th>\n",
       "      <th>shooting</th>\n",
       "      <th>passing</th>\n",
       "      <th>hight</th>\n",
       "      <th>wight</th>\n",
       "      <th>age</th>\n",
       "      <th>value</th>\n",
       "    </tr>\n",
       "  </thead>\n",
       "  <tbody>\n",
       "    <tr>\n",
       "      <th>0</th>\n",
       "      <td>Lionel Messi</td>\n",
       "      <td>93</td>\n",
       "      <td>96.0</td>\n",
       "      <td>80.857143</td>\n",
       "      <td>27.5</td>\n",
       "      <td>10.8</td>\n",
       "      <td>77.000000</td>\n",
       "      <td>86.875</td>\n",
       "      <td>89.000000</td>\n",
       "      <td>170</td>\n",
       "      <td>72</td>\n",
       "      <td>34</td>\n",
       "      <td>78000000.0</td>\n",
       "    </tr>\n",
       "    <tr>\n",
       "      <th>1</th>\n",
       "      <td>Robert Lewandowski</td>\n",
       "      <td>92</td>\n",
       "      <td>86.5</td>\n",
       "      <td>80.285714</td>\n",
       "      <td>38.5</td>\n",
       "      <td>10.2</td>\n",
       "      <td>81.166667</td>\n",
       "      <td>88.125</td>\n",
       "      <td>75.333333</td>\n",
       "      <td>185</td>\n",
       "      <td>81</td>\n",
       "      <td>33</td>\n",
       "      <td>119500000.0</td>\n",
       "    </tr>\n",
       "    <tr>\n",
       "      <th>2</th>\n",
       "      <td>Kylian Mbappé</td>\n",
       "      <td>91</td>\n",
       "      <td>92.0</td>\n",
       "      <td>87.428571</td>\n",
       "      <td>30.0</td>\n",
       "      <td>8.4</td>\n",
       "      <td>75.833333</td>\n",
       "      <td>80.500</td>\n",
       "      <td>78.000000</td>\n",
       "      <td>182</td>\n",
       "      <td>73</td>\n",
       "      <td>22</td>\n",
       "      <td>194000000.0</td>\n",
       "    </tr>\n",
       "    <tr>\n",
       "      <th>4</th>\n",
       "      <td>Kevin De Bruyne</td>\n",
       "      <td>91</td>\n",
       "      <td>89.5</td>\n",
       "      <td>76.428571</td>\n",
       "      <td>66.5</td>\n",
       "      <td>11.2</td>\n",
       "      <td>84.000000</td>\n",
       "      <td>81.500</td>\n",
       "      <td>93.666667</td>\n",
       "      <td>181</td>\n",
       "      <td>70</td>\n",
       "      <td>30</td>\n",
       "      <td>125500000.0</td>\n",
       "    </tr>\n",
       "    <tr>\n",
       "      <th>5</th>\n",
       "      <td>Neymar Jr</td>\n",
       "      <td>91</td>\n",
       "      <td>95.0</td>\n",
       "      <td>80.000000</td>\n",
       "      <td>33.5</td>\n",
       "      <td>11.8</td>\n",
       "      <td>76.333333</td>\n",
       "      <td>82.625</td>\n",
       "      <td>84.000000</td>\n",
       "      <td>175</td>\n",
       "      <td>68</td>\n",
       "      <td>29</td>\n",
       "      <td>129000000.0</td>\n",
       "    </tr>\n",
       "    <tr>\n",
       "      <th>...</th>\n",
       "      <td>...</td>\n",
       "      <td>...</td>\n",
       "      <td>...</td>\n",
       "      <td>...</td>\n",
       "      <td>...</td>\n",
       "      <td>...</td>\n",
       "      <td>...</td>\n",
       "      <td>...</td>\n",
       "      <td>...</td>\n",
       "      <td>...</td>\n",
       "      <td>...</td>\n",
       "      <td>...</td>\n",
       "      <td>...</td>\n",
       "    </tr>\n",
       "    <tr>\n",
       "      <th>1195</th>\n",
       "      <td>André-Franck González Rey</td>\n",
       "      <td>76</td>\n",
       "      <td>81.0</td>\n",
       "      <td>78.285714</td>\n",
       "      <td>74.5</td>\n",
       "      <td>10.0</td>\n",
       "      <td>77.000000</td>\n",
       "      <td>61.125</td>\n",
       "      <td>69.666667</td>\n",
       "      <td>184</td>\n",
       "      <td>78</td>\n",
       "      <td>25</td>\n",
       "      <td>10500000.0</td>\n",
       "    </tr>\n",
       "    <tr>\n",
       "      <th>1196</th>\n",
       "      <td>Lucas Tousart</td>\n",
       "      <td>76</td>\n",
       "      <td>65.5</td>\n",
       "      <td>69.714286</td>\n",
       "      <td>77.5</td>\n",
       "      <td>13.4</td>\n",
       "      <td>69.166667</td>\n",
       "      <td>53.875</td>\n",
       "      <td>68.666667</td>\n",
       "      <td>185</td>\n",
       "      <td>83</td>\n",
       "      <td>24</td>\n",
       "      <td>10500000.0</td>\n",
       "    </tr>\n",
       "    <tr>\n",
       "      <th>1197</th>\n",
       "      <td>Frédéric Guilbert</td>\n",
       "      <td>76</td>\n",
       "      <td>68.5</td>\n",
       "      <td>74.714286</td>\n",
       "      <td>74.0</td>\n",
       "      <td>11.6</td>\n",
       "      <td>70.166667</td>\n",
       "      <td>50.625</td>\n",
       "      <td>70.333333</td>\n",
       "      <td>178</td>\n",
       "      <td>78</td>\n",
       "      <td>26</td>\n",
       "      <td>9000000.0</td>\n",
       "    </tr>\n",
       "    <tr>\n",
       "      <th>1198</th>\n",
       "      <td>Jeremiah St. Juste</td>\n",
       "      <td>76</td>\n",
       "      <td>74.0</td>\n",
       "      <td>79.285714</td>\n",
       "      <td>78.5</td>\n",
       "      <td>11.8</td>\n",
       "      <td>69.833333</td>\n",
       "      <td>53.375</td>\n",
       "      <td>70.000000</td>\n",
       "      <td>184</td>\n",
       "      <td>74</td>\n",
       "      <td>24</td>\n",
       "      <td>9500000.0</td>\n",
       "    </tr>\n",
       "    <tr>\n",
       "      <th>1199</th>\n",
       "      <td>Gonzalo Martínez</td>\n",
       "      <td>76</td>\n",
       "      <td>81.5</td>\n",
       "      <td>77.142857</td>\n",
       "      <td>37.5</td>\n",
       "      <td>11.0</td>\n",
       "      <td>63.000000</td>\n",
       "      <td>69.625</td>\n",
       "      <td>72.000000</td>\n",
       "      <td>172</td>\n",
       "      <td>75</td>\n",
       "      <td>28</td>\n",
       "      <td>7500000.0</td>\n",
       "    </tr>\n",
       "  </tbody>\n",
       "</table>\n",
       "<p>968 rows × 13 columns</p>\n",
       "</div>"
      ],
      "text/plain": [
       "                     Unnamed: 0  Over All  ball skills   physical  defence  \\\n",
       "0                  Lionel Messi        93         96.0  80.857143     27.5   \n",
       "1            Robert Lewandowski        92         86.5  80.285714     38.5   \n",
